1740836314
6599959041
9410334981
5554523601
2581087357
1528579306
5281983113
6708601457
3284666466
4476492051
8497309528
5855600732
6783694624
8586323164
2577699077
2447025366
4389319248
6234943655
8649535469
8569485831
8764069537
9919318273
1572974242
4946016626
8390917954
2251219960
7154331567
9931791221
4246972477
2987361768
2050059797
8561952029
1328346522
2333398461
3978754591
9646198368
8426525410
1472072569
4453319432
1473869505
4343050895
5144926918
4032143951
2978661617
7705471201
5707939288
7818247152
6587548309
1504158135
4652663799
8275029340
6568801950
6086601160
6901590805
5202533256
8397303978
3198446022
9233154638
7604793233
9320970242
4866942143
3571484683
8771121876
9654991318
4564221174
9663576853
7632892017
6036685952
6228619441
5775394976
3692377740
2297338095
4227558064
3680071910
7815414996
5456349508
3606343039
5338024584
7532433447
9493690278
4576931728
5825068673
4005914136
4276681524
5730598342
5814702972
4558162182
2841515312
3914865886
9863519341
7702055442
1169926823
8639796020
3816037193
5275946353
9480516535
4854219408
4812933413
1504519033
8765581366
